 
# QPROP Version 1.22
# 
# MyProp_v1                                                                       
# 
# Speed-400                                                                       
#   0.20000                                     
#   0.46000                                     
#    25000.                                     
# 
#   rho =  1.2250     kg/m^3
#   mu  = 0.17800E-04 kg/m-s
#   a   =  340.00     m/s   
# 
#  1         2        3          4          5         6            7         8       9        10        11        12          13        14        15      16          17           18      19
# 
#  V(m/s)    rpm      Dbeta      T(N)       Q(N-m)    Pshaft(W)    Volts     Amps    effmot   effprop   adv       CT          CP        DV(m/s)   eff     Pelec       Pprop        cl_avg  cd_avg
    5.000  0.2000E+05  0.000  0.3864E-01  0.7445E-03   1.559       1.282    2.4091   0.5049   0.1239   0.11937  0.2861E-01  0.2756E-01   3.6719   0.0626   3.088      0.1932       0.2832  0.2225    
    5.000  0.2286E+05  0.000  0.6019E-01  0.9609E-03   2.300       1.509    2.9755   0.5121   0.1308   0.10445  0.3412E-01  0.2724E-01   5.1586   0.0670   4.491      0.3009       0.3223  0.2148    
    5.000  0.2571E+05  0.000  0.8539E-01  0.1202E-02   3.236       1.750    3.6061   0.5128   0.1319   0.09284  0.3825E-01  0.2692E-01   6.6596   0.0677   6.310      0.4270       0.3528  0.2083    
    5.000  0.2857E+05  0.000  0.1143      0.1467E-02   4.389       2.003    4.3001   0.5096   0.1302   0.08356  0.4147E-01  0.2661E-01   8.1714   0.0663   8.613      0.5714       0.3773  0.2026    
    5.000  0.3143E+05  0.000  0.1469      0.1756E-02   5.779       2.269    5.0569   0.5038   0.1271   0.07596  0.4405E-01  0.2633E-01   9.6916   0.0640   11.47      0.7345       0.3974  0.1977    
    5.000  0.3429E+05  0.000  0.1832      0.2069E-02   7.427       2.547    5.8759   0.4964   0.1233   0.06963  0.4617E-01  0.2606E-01  11.2189   0.0612   14.96      0.9161       0.4142  0.1933    
    5.000  0.3714E+05  0.000  0.2233      0.2405E-02   9.355       2.837    6.7567   0.4880   0.1194   0.06427  0.4795E-01  0.2582E-01  12.7523   0.0583   19.17       1.117       0.4284  0.1893    
    5.000  0.4000E+05  0.000  0.2672      0.2765E-02   11.58       3.140    7.6988   0.4791   0.1154   0.05968  0.4946E-01  0.2559E-01  14.2913   0.0553   24.17       1.336       0.4407  0.1857    
